angle/°	t/ms	timer1/ms	timer2/ms	Date	DateOA	Counter1	Counter2	Counter3	Counter4	dt/ms	dtimer1/ms	dtimer2/ms	dCounter1	dCounter2	dCounter3	dCounter4	Ticks1	Ticks2	Ticks3	Ticks4	dTicks1	dTicks2	dTicks3	dTicks4
90	599996.24235	0	599987	2025-03-18_16:00:34	45734.6670601852	1114511	1605949	3755	4877	1	20	20	1055.70403049340	1267.26043100856	61.2780547994141	69.8355210476732	1857.55858043591	2676.63966052598	6.25846893349356	8.12850945103811	1.76063401333570	2.11403016739815	0.102132517267293	0.116395372351536
112.5	599996.4962	0	599987	2025-03-18_16:10:51	45734.6742013889	1118723	1607171	3824	5005	1	20	20	1057.69702656290	1267.74248173673	61.8384993349612	70.7460246232960	1864.57873253921	2678.67637132138	6.37347142521421	8.34184740669381	1.76396192433093	2.11483575245948	0.103066617631667	0.117912923688011
135	599996.32455	0	599988	2025-03-18_16:21:07	45734.6813310185	1120909	1609540	3963	5178	1	20	20	1058.72989945500	1268.67647570214	62.9523629421486	71.9583212700241	1868.21903104729	2682.62031907305	6.60513210264205	8.63017260345207	1.76568368131776	2.11639307903060	0.104922934371453	0.119933279129101
157.5	599996.2563	0	599987	2025-03-18_16:31:24	45734.6884722222	1121354	1608506	4216	5475	1	20	20	1058.94003607381	1268.26889893271	64.9307323229917	73.9932429347437	1868.96382754960	2680.90141953076	7.02681891440981	9.12519771261711	1.76603751725687	2.11571548296137	0.108220485463199	0.123325118722464
180	599996.72955	0	599987	2025-03-18_16:41:40	45734.6956018519	1114851	1609176	4299	5549	1	20	20	1055.86504819508	1268.53301100129	65.5667598711420	74.4916102658548	1858.12525938062	2682.01811039239	7.16515524503031	9.24853371823056	1.76090288032673	2.11615685879606	0.109280561867206	0.124155756568947
202.5	599996.1368	0	599988	2025-03-18_16:51:56	45734.7027314815	1099292	1607437	4156	5400	1	20	20	1048.47126808511	1267.84738829246	64.4670458451448	73.4846922834953	1832.18997713288	2679.11524897165	6.92680520277072	9.00018000360007	1.74855400160981	2.11500753719557	0.107447473446424	0.122477304122849
225	599996.2519	0	599987	2025-03-18_17:02:13	45734.7098726852	1087071	1606566	3810	4902	1	20	20	1042.62697068511	1267.50384614801	61.7251974480439	70.0142842568572	1811.82425619222	2677.66801614035	6.35013758631437	8.17017702050211	1.73879847380090	2.11443695342737	0.102877775860536	0.116693319917089
247.5	599996.68525	0	599987	2025-03-18_17:12:29	45734.7170023148	1075271	1606143	3700	4778	1	20	20	1036.95274723586	1267.33697176402	60.8276253029822	69.1230786351418	1792.15716340521	2676.96300086502	6.16680028067275	7.96350587596065	1.72932419618496	2.11415807932313	0.10138178050997	0.115207933048919
270	599996.18895	0	599987	2025-03-18_17:22:46	45734.7241435185	1069614	1606687	3622	4692	1	20	20	1034.22144630635	1267.55157685989	60.1830540933243	68.4981751581748	1782.72862578689	2677.86968717656	6.03679746394505	7.82016943700447	1.72476379628964	2.11451671920815	0.100307465328631	0.114166396467906
270	599996.101	0	599987	2025-03-18_17:32:50	45734.7311342593	1068730	1605200	3771	4812	1	20	20	1033.79398334484	1266.96487717695	61.4084684713762	69.3685807840985	1781.25526053064	2675.39130014484	6.28513617795052	8.02017377043169	1.72405007359768	2.11353624974965	0.102349879459985	0.115617115432878
247.5	599996.62485	0	599988	2025-03-18_17:43:07	45734.7382754630	1075751	1604608	3564	4600	1	20	20	1037.18416879549	1266.73122642493	59.6992462263972	67.8232998312527	1792.95419241718	2674.40015466976	5.94011880237605	7.66682000306673	1.72970771187077	2.11314225421829	0.0995009307444749	0.113041382767947
225	599996.2035	0	599988	2025-03-18_17:53:23	45734.7454050926	1087157	1607651	3878	5076	1	20	20	1042.66821184881	1267.93178049925	62.2735899077611	71.2460525222275	1811.96457262479	2679.47192277179	6.46346260258538	8.46016920338407	1.73886443338001	2.11514857027413	0.103791615962274	0.118746130662362
202.5	599995.5484	0	599986	2025-03-18_18:03:40	45734.7525462963	1100609	1604264	4185	5478	1	20	20	1049.09913735547	1266.59543659371	64.6915759585435	74.0135122798533	1834.39113579317	2673.83572283353	6.97516275379759	9.13021303830423	1.74960822813283	2.11292238428391	0.107822059803565	0.123359107608863
180	599995.94735	0	599987	2025-03-18_18:13:55	45734.7596643519	1114197	1607783	4301	5612	1	20	20	1055.55530409354	1267.98383270450	65.5820097282784	74.9132832013122	1857.03523576344	2679.69639342186	7.16848865058743	9.35353599327986	1.76038567046738	2.11523908974072	0.10930597902863	0.124858566559007
157.5	599996.1781	0	599987	2025-03-18_18:24:12	45734.7668055556	1123611	1604867	4231	5396	1	20	20	1060.00518866655	1266.83345393149	65.0461374717977	73.4574706888278	1872.72557572081	2674.83628811958	7.05181945608822	8.99352819311085	1.76781612968671	2.11331662071724	0.108412832899385	0.12243213754167
135	599995.92305	0	599987	2025-03-18_18:34:28	45734.7739351852	1121448	1608382	3942	5076	1	20	20	1058.98441914884	1268.22001245841	62.7853486093691	71.2460525222275	1869.12049761078	2680.69474838622	6.57014235308432	8.46018330397159	1.76611162884201	2.11563378546719	0.104644744161274	0.118746328577984
112.5	599995.8736	0	599987	2025-03-18_18:44:44	45734.7810648148	1121072	1606264	3712	4808	1	20	20	1058.80687568602	1267.38470876052	60.9261848469113	69.3397432934389	1868.49381736604	2677.16467190122	6.18680071401547	8.01350695931745	1.76581516393127	2.11423785555052	0.101546050990369	0.115569051521744
90	599995.9748	0	599987	2025-03-18_18:55:00	45734.7881944444	1114042	1607824	3785	4910	1	20	20	1055.48188046977	1268	61.5223536610881	70.0713921654194	1856.77689683276	2679.76472823578	6.30847001685037	8.18351064273059	1.76026306798228	2.11526610797315	0.102539693417351	0.11678850260527
90	599996.4599	0	599988	2025-03-18_19:05:05	45734.7951967593	1116353	1607200	3694	4766	1	20	20	1056.57607392937	1267.75391933924	60.7782855960910	69.0362223763728	1860.62554584425	2678.72024107149	6.15678980246272	7.94349220317740	1.76208721077913	2.11485133545861	0.101299376540032	0.115062976552895
112.5	599996.12965	0	599987	2025-03-18_19:15:22	45734.8023379630	1119429	1605978	3840	4943	1	20	20	1058.03071789055	1267.27187296176	61.9677335393187	70.3064719638242	1865.75542470087	2676.68799490656	6.40013866967118	8.23851183442308	1.76451912541864	2.11404928874141	0.103282014014867	0.117180313975652
135	599996.93785	0	599988	2025-03-18_19:25:38	45734.8094675926	1122655	1608835	3987	5152	1	20	20	1059.55415151846	1268.39859665643	63.1426955395476	71.7774337797054	1871.12908924845	2681.44529557258	6.64513290265805	8.58683840343473	1.76706002947326	2.11592869676503	0.105240163813373	0.119631791353486
157.5	599997.21205	0	599987	2025-03-18_19:35:54	45734.8165972222	1123525	1604393	4221	5456	1	20	20	1059.96462205113	1266.64635948634	64.9692234831231	73.8647412504776	1872.58223928185	2674.04627100254	7.03515242830261	9.09353035982446	1.76774839064435	2.11300395651314	0.10828463923781	0.123110942657222
180	599996.26445	0	599988	2025-03-18_19:46:11	45734.8237384259	1116050	1608186	4297	5497	1	20	20	1056.43267651091	1268.14273644570	65.5515064662895	74.1417561162399	1860.12053574405	2680.36360727215	7.16180990286472	9.16184990366474	1.76184776589233	2.11550111212830	0.109254956696426	0.123572442358241
202.5	599995.99395	0	599987	2025-03-18_19:56:28	45734.8308796296	1101911	1607153	4239	5441	1	20	20	1049.71948633909	1267.73538248327	65.1076032426321	73.7631344236401	1836.55812542605	2678.64637067136	7.06515307831670	9.06852981814606	1.75064114270719	2.11482388844203	0.108515278793543	0.122941592738724
225	599996.3775	0	599987	2025-03-18_20:06:44	45734.8380092593	1088442	1606046	3806	4866	1	20	20	1043.28423739650	1267.29870196414	61.6927872607487	69.7567201063812	1814.10930570162	2676.80133069550	6.34347077520013	8.11017572047394	1.73989592714612	2.11409412432118	0.102823757368468	0.116264033537335
247.5	599995.5922	0	599987	2025-03-18_20:17:01	45734.8451504630	1076325	1605893	3795	4868	1	20	20	1037.46084263455	1267.23833591002	61.6035713250458	69.7710541700496	1793.91386813381	2676.54632517038	6.32513704463597	8.11350912603107	1.73017255789629	2.11399324293897	0.102675059978633	0.11628792435488
270	599996.43335	0	599988	2025-03-18_20:27:17	45734.8522800926	1070409	1606654	3605	4681	1	20	20	1034.60572200235	1267.53855957127	60.0416522091123	68.4178339323893	1784.05068101362	2677.81022287112	6.00845350240338	7.80182270312073	1.72540253218425	2.11449143469144	0.100071622205592	0.114032300418764
270	599995.77295	0	599987	2025-03-18_20:37:22	45734.8592824074	1068974	1605076	3781	4781	1	20	20	1033.91198851740	1266.91594038437	61.4898365585728	69.1447756522501	1781.66193600861	2675.18462900030	6.30180320573612	7.96850598429633	1.72424710335748	2.11345446861397	0.102485496730516	0.115244095815696
247.5	599995.9701	0	599987	2025-03-18_20:47:39	45734.8664236111	1078919	1607612	3742	4761	1	20	20	1038.71025796417	1267.91640102966	61.1718889687085	69	1798.23729514139	2679.41138724672	6.23680179737228	7.93517192872512	1.73225870026834	2.11512640024704	0.101955569276747	0.115002795915024
225	599995.95595	0	599988	2025-03-18_20:57:56	45734.8735648148	1087682	1603740	3896	5016	1	20	20	1042.91993940091	1266.38856596228	62.4179461373089	70.8237248385031	1812.83959012514	2672.95345906918	6.49346320259738	8.36016720334407	1.73928474772505	2.11256961615771	0.104032216048894	0.118042231191684
202.5	599995.7107	0	599988	2025-03-18_21:08:12	45734.8806944444	1100668	1605218	4221	5372	1	20	20	1049.12725634215	1266.97198074780	64.9692234831231	73.2939288072348	1834.48335633379	2675.41684167017	7.03514070281406	8.95351240358140	1.74964934071055	2.11354459202105	0.108284458758955	0.122159355782644
180	599996.4043	0	599988	2025-03-18_21:18:29	45734.8878356482	1115544	1602278	4318	5567	1	20	20	1056.19316415133	1265.81120235207	65.7114906237866	74.6123314204830	1859.27718554371	2670.51674366821	7.19681060287872	9.27851890371141	1.76144782862786	2.11160475509350	0.109521604206197	0.124356757449678
157.5	599995.93445	0	599987	2025-03-18_21:28:45	45734.8949652778	1122207	1604976	4286	5444	1	20	20	1059.34272074716	1266.87647385213	65.4675492133316	73.7834669827869	1870.38552501971	2675.01795872244	7.14348810890903	9.07352992648174	1.76670992713957	2.11338851379638	0.109115206005147	0.122975481378957
135	599996.4837	0	599987	2025-03-18_21:39:02	45734.9021064815	1123166	1605653	3960	5135	1	20	20	1059.79526324663	1267.14363826679	62.9285308902091	71.6589143093865	1871.98389298435	2676.14631650352	6.60014300309840	8.55851876790664	1.76746559162668	2.11383498800308	0.104883388038114	0.11943445232132
112.5	599996.62975	0	599988	2025-03-18_21:49:18	45734.9092361111	1124256	1604059	3834	4949	1	20	20	1060.30938881064	1266.51450840486	61.9193023216509	70.3491293478462	1873.79747594952	2673.48513636939	6.39012780255605	8.24849830329940	1.76832113926133	2.11278008515273	0.103201121047254	0.117251216318227
90	599996.6125	0	599988	2025-03-18_21:59:34	45734.9163657407	1116740	1606732	3815	4918	1	20	20	1056.75919678988	1267.56932749258	61.7656862667290	70.1284535691470	1861.27055874451	2677.94022547118	6.35846050254338	8.19683060327873	1.76239298935045	2.11454285281048	0.102945087536363	0.116883412973374
90	599995.79635	0	599987	2025-03-18_22:09:39	45734.9233680556	1118770	1607256	3791	4924	1	20	20	1057.71924441224	1267.77600545207	61.5710971154486	70.1712191713953	1864.65706756980	2678.81804105756	6.31847023352173	8.20684448163044	1.76399902389575	2.11489177609350	0.102620934781092	0.116954885917061
112.5	599996.685	0	599988	2025-03-18_22:19:55	45734.9304976852	1123201	1604461	3837	4944	1	20	20	1059.81177574133	1266.67320173753	61.9435226637943	70.3135833249878	1872.03910744882	2674.15514976966	6.39512790255805	8.24016480329606	1.76749021498940	2.11304528602977	0.103241489349584	0.117191971273464
135	599996.30365	0	599987	2025-03-18_22:30:12	45734.9376388889	1124242	1604612	4065	5202	1	20	20	1060.30278694343	1266.73280529084	63.7573525171803	72.1248916810278	1873.77726517408	2674.41127891104	6.77514679484722	8.67018785407017	1.76831306624618	2.11314842099962	0.106264796584946	0.120211104791764
157.5	599996.41785	0	599988	2025-03-18_22:40:29	45734.9447800926	1121849	1604882	4161	5408	1	20	20	1059.17373456860	1266.83937419075	64.5058136914806	73.5391052434009	1869.78572904791	2674.85683046994	6.93513870277406	9.01351360360541	1.76642480318811	2.11332298585302	0.107512088263786	0.122567995020006
180	599995.82605	0	599988	2025-03-18_22:50:45	45734.9519097222	1114797	1603535	4198	5477	1	20	20	1055.83947643569	1266.30762455258	64.7919748117003	74.0067564483136	1858.03216064321	2672.61178556904	6.99680660279872	9.12851590365141	1.76085724219450	2.11243435079842	0.10798903632548	0.123347436353881
202.5	599996.04885	0	599988	2025-03-18_23:01:01	45734.9590393519	1102836	1603831	4154	5321	1	20	20	1050.15998781138	1266.42449439357	64.4515321772881	72.9451848993475	1838.09676193524	2673.10512876924	6.92347180276939	8.86851070354740	1.75137375342357	2.11262965802477	0.107421616637133	0.121578099131526
225	599996.72945	0	599987	2025-03-18_23:11:18	45734.9661805556	1087533	1604216	3895	4967	1	20	20	1042.84850289963	1266.57648801800	62.4099351065197	70.4769465853906	1812.59427287591	2673.75126461073	6.49180732249199	8.27851270110853	1.73916837095537	2.11288719037817	0.104019037346461	0.117464446847629
247.5	599995.75835	0	599987	2025-03-18_23:21:34	45734.9733101852	1079296	1603144	3689	4774	1	20	20	1038.89171716787	1266.15322927361	60.7371385562409	69.0941386804988	1798.86564208891	2671.96455923212	6.14846655010859	7.95683906484641	1.73256168251889	2.11217985965198	0.101230965069074	0.115159698362143
270	599996.47405	0	599987	2025-03-18_23:31:51	45734.9804513889	1068617	1604867	3578	4589	1	20	20	1033.73932884456	1266.83345393149	59.8163857149527	67.7421582177598	1781.06692311667	2674.83628811958	5.96346254168840	7.64849905081277	1.72395881861593	2.11331662071724	0.0996963344566955	0.112906331186997
270	599996.1869	0	599987	2025-03-18_23:41:55	45734.9874421296	1071098	1606187	3718	4735	1	20	20	1034.93864552446	1267.35433087988	60.9754048777046	68.8113362753551	1785.20201271028	2677.03633578728	6.19680093068683	7.89183765648256	1.72596128568646	2.11418708920619	0.101628086660409	0.114688347072527
247.5	599996.05625	0	599987	2025-03-18_23:52:12	45734.9945833333	1077985	1604917	3659	4729	1	20	20	1038.26056459831	1266.85318802141	60.4896685393465	68.7677249878168	1796.68059474622	2674.91962325850	6.09846546675178	7.88183743981120	1.73150784852413	2.11334959949538	0.100818503578584	0.114615659445128
225	599996.61575	0	599988	2025-03-19_00:02:28	45735.0017129630	1087305	1603086	3969	5101	1	20	20	1042.73918119537	1266.13032504557	63	71.4212853426764	1812.21124422488	2671.86343726875	6.61513230264605	8.50183670340073	1.73898293222856	2.11213805661981	0.105002331580638	0.119038193681328
202.5	599996.00665	0	599987	2025-03-19_00:12:45	45735.0088541667	1102450	1601166	4208	5355	1	20	20	1049.97619020624	1265.37188209633	64.8690989609074	73.1778655059028	1837.45647822370	2668.66782113613	7.01348529218133	8.92519337918988	1.75106977733394	2.11087411115975	0.108117760246205	0.121966114631089
180	599996.1954	0	599988	2025-03-19_00:23:01	45735.0159837963	1117060	1603917	4402	5630	1	20	20	1056.91059224515	1266.45844779843	66.3475696615935	75.0333259292163	1861.80390274472	2673.24846496930	7.33681340293472	9.38352100375341	1.76264578964574	2.11268639933096	0.110581764842885	0.125058435545055
157.5	599996.155	0	599987	2025-03-19_00:33:18	45735.0231250000	1125904	1604661	4221	5460	1	20	20	1061.08623589226	1266.75214623856	64.9692234831231	73.8918128076447	1876.54732519205	2674.49294734719	7.03515242830261	9.10019717093870	1.76962129010748	2.11318074276142	0.10828463923781	0.123156063307233
135	599995.355	0	599987	2025-03-19_00:43:34	45735.0302546296	1122271	1605252	4069	5222	1	20	20	1059.37292772659	1266.98539849518	63.7887137352682	72.2634070605587	1870.49219399754	2675.47796868932	6.78181360596146	8.70352190964138	1.76676036731849	2.11357054412956	0.106317066768589	0.120441970765221
112.5	599995.99045	0	599987	2025-03-19_00:53:51	45735.0373958333	1122585	1605980	3839	4929	1	20	20	1059.52111824163	1267.27266205817	61.9596642986387	70.2068372738724	1871.01553867000	2676.69132831211	6.39847196689262	8.21517799552324	1.76700781868841	2.11405060744841	0.103268564902939	0.117014251194881
90	599995.828	0	599987	2025-03-19_01:04:08	45735.0445370370	1117561	1603665	3728	4811	1	20	20	1057.14757720954	1266.35895385155	61.0573500898950	69.3613725354393	1862.64202391052	2672.83291137975	6.21346795847243	8.01850706765313	1.76304444977668	2.11252365703480	0.10176466582076	0.115605101328463
90	599996.61865	0	599988	2025-03-19_01:14:12	45735.0515277778	1117809	1603604	3834	4897	1	20	20	1057.26486747645	1266.33486882420	61.9193023216509	69.9785681476836	1863.05226104522	2672.72678786909	6.39012780255605	8.16182990326473	1.76323735933639	2.11247988009902	0.103201121047254	0.116633596897975
112.5	599995.6988	0	599987	2025-03-19_01:24:28	45735.0586574074	1119040	1603308	3754	4860	1	20	20	1057.84686982569	1266.21799071092	61.2698947281616	69.7137002317335	1865.10707732001	2672.23789848780	6.25680223071500	8.10017550380258	1.76421213401606	2.11228808593335	0.102118916768755	0.116192331611563
135	599995.95155	0	599988	2025-03-19_01:34:45	45735.0657986111	1121712	1602528	4154	5252	1	20	20	1059.10905954014	1265.90994940399	64.4515321772881	72.4706837279738	1869.55739114782	2670.93341866837	6.92347180276939	8.75350840350140	1.76631680787955	2.11176977604058	0.107421616637133	0.120787241060611
157.5	599995.73	0	599987	2025-03-19_01:45:01	45735.0729282407	1121801	1602590	4258	5481	1	20	20	1059.15107515406	1265.93443748087	65.2533524043018	74.0337760755184	1869.70884369161	2671.04120589279	7.09682043110934	9.13519792928847	1.76638991387069	2.11181422527143	0.10875820104642	0.123392676037635
180	599996.1259	0	599988	2025-03-19_01:55:18	45735.0800694444	1113942	1602834	4321	5542	1	20	20	1055.43450767918	1266.03080531241	65.7343137181792	74.4446102817390	1856.60713214264	2671.44342886858	7.20181070288072	9.23685140369474	1.76018102776983	2.11197174425418	0.109559643731498	0.124077214039678
202.5	599995.5674	0	599986	2025-03-19_02:05:35	45735.0872106481	1100282	1605733	4039	5241	1	20	20	1048.94327778007	1267.17520493419	63.5531273817426	72.3947511909531	1833.84612307621	2676.28411329598	6.73182374255399	8.73520382142250	1.74934797989121	2.11389127045893	0.105924588231049	0.120661085408438
225	599995.85805	0	599987	2025-03-19_02:15:51	45735.0943402778	1087080	1605381	3916	5032	1	20	20	1042.63128669727	1267.03630571503	62.5779513886481	70.9365914038728	1811.83925651722	2675.69297334776	6.52680808084175	8.38684838171494	1.73880568033752	2.11365561818668	0.104299072373584	0.118230544527417
247.5	599996.21835	0	599986	2025-03-19_02:26:07	45735.1014699074	1077660	1604847	3792	4841	1	20	20	1038.10404102864	1266.82556020946	61.5792172733626	69.5772951471958	1796.14190997790	2674.80741217295	6.32014747010764	8.06852159883731	1.73124939076417	2.11330695758733	0.102634639818537	0.115965176320692
270	599995.6661	0	599987	2025-03-19_02:36:24	45735.1086111111	1070427	1604487	3614	4631	1	20	20	1034.61442093178	1266.68346480089	60.1165534607565	68.0514511233963	1784.08365514586	2674.20294106372	6.02346384171657	7.71850056751230	1.72541993571773	2.11306596530221	0.100196627871181	0.113421834493113
270	599995.95315	0	599988	2025-03-19_02:46:29	45735.1156134259	1068862	1604310	3532	4596	1	20	20	1033.85782388102	1266.61359537943	59.4306318324145	67.7938050267132	1781.47229611259	2673.90347806956	5.88678440235471	7.66015320306406	1.72415378918924	2.11294567465056	0.0990532284863553	0.112992223400466
247.5	599995.6172	0	599987	2025-03-19_02:56:45	45735.1227430556	1076986	1602412	3647	4694	1	20	20	1037.77935997976	1265.86413172978	60.3903965875370	68.5127725318426	1795.01555867044	2670.74453279821	6.07846503340906	7.82350284256159	1.73070438382092	2.11169673373389	0.100653045733272	0.114190726141463
225	599996.00605	0	599987	2025-03-19_03:07:02	45735.1298842593	1087484	1602679	3809	4909	1	20	20	1042.82500928967	1265.96958889225	61.7170964968379	70.0642562224134	1812.51260443976	2671.18954244009	6.34847088353581	8.18184393995203	1.73912914315063	2.11187296860638	0.102864273896923	0.116776609011912
202.5	599995.8329	0	599988	2025-03-19_03:17:18	45735.1370138889	1098439	1604004	4064	5259	1	20	20	1048.06440641785	1266.49279508413	63.7495098020369	72.5189630372636	1830.76828203231	2673.39346786936	6.77346880270939	8.76517530350607	1.74787464391930	2.11274379888020	0.106251547930723	0.120867708890288
180	599996.09665	0	599987	2025-03-19_03:27:35	45735.1441550926	1114323	1602508	4405	5658	1	20	20	1055.61498663102	1265.90204992329	66.3701740241805	75.2196782763660	1857.24524031354	2670.90453626495	7.34182573955769	9.43020432109362	1.76048532816261	2.11176010076268	0.110619624181166	0.125369240878156
157.5	599996.25535	0	599987	2025-03-19_03:37:51	45735.1512847222	1121661	1603683	4217	5415	1	20	20	1059.08498242587	1266.36606082128	64.9384323802169	73.5866835779409	1869.47550530261	2672.86291202976	7.02848561718837	9.02519554590349	1.76627955109084	2.11253553387863	0.108233319260164	0.122647498963268
135	599995.84015	0	599987	2025-03-19_03:48:07	45735.1584143518	1122685	1604592	4061	5194	1	20	20	1059.56830832184	1266.72491094160	63.7259758654193	72.0694109869090	1871.18220894786	2674.37794485547	6.76847998373298	8.65685423184169	1.76708661761834	2.11313522830271	0.106212500678131	0.12011863416359
112.5	599996.61815	0	599988	2025-03-19_03:58:24	45735.1655555556	1120602	1603609	3761	4839	1	20	20	1058.58490448334	1266.33684302400	61.3269924258479	69.5629211577547	1867.70735414708	2672.73512136909	6.26845870250738	8.06516130322606	1.76544156700559	2.11248317928584	0.10221391189521	0.115940832438821
90	599995.9937	0	599987	2025-03-19_04:08:40	45735.1726851852	1115762	1603762	3770	4825	1	20	20	1056.29635992935	1266.39725205008	61.4003257320350	69.4622199472490	1859.64362561189	2672.99458154927	6.28346947517196	8.04184090655298	1.76162308442555	2.11258765924253	0.10233630784841	0.115773185339695
90	599995.9803	0	599987	2025-03-19_04:18:44	45735.1796759259	1117554	1603355	3696	4791	1	20	20	1057.14426640833	1266.23654978049	60.7947366142827	69.2170499226888	1862.63035699107	2672.31623351839	6.16013346955851	7.98517301208193	1.76303892138193	2.11231910098676	0.10132696450327	0.115364556503961
112.5	599996.0672	0	599989	2025-03-19_04:29:01	45735.1868171296	1121475	1599356	3906	5055	1	20	20	1058.99716713502	1264.65647509511	62.4979999679990	71.0985231914138	1869.15926791991	2665.64220344040	6.51011935218812	8.42515446116512	1.76612702109537	2.10967151749838	0.10416546902274	0.118500043945485
135	599996.26175	0	599988	2025-03-19_04:39:17	45735.1939467593	1121247	1603190	4087	5270	1	20	20	1058.88951264993	1266.17139440125	63.9296488336984	72.5947656515261	1868.78237564751	2672.03677406881	6.81180290272472	8.78350900351340	1.76595020545423	2.11220668967879	0.106551787694353	0.120994050216102
157.5	599996.2748	0	599987	2025-03-19_04:49:33	45735.2010763889	1122278	1605288	4402	5606	1	20	20	1059.37623156271	1266.99960536695	66.3475696615935	74.8732261893395	1870.50386091699	2675.53796998935	7.33682563122201	9.34353577660849	1.76676588412612	2.11359428606892	0.110581949150722	0.124791802801702
180	599995.5558	0	599987	2025-03-19_04:59:49	45735.2082060185	1117412	1600136	4223	5488	1	20	20	1057.07710220211	1264.96482164525	64.9846135635198	74.0810367098085	1862.39368519651	2666.95111727421	7.03848583385973	9.14686484873839	1.76292677022131	2.11019385370330	0.108310290108072	0.12347144618817
202.5	599995.64695	0	599987	2025-03-19_05:10:06	45735.2153472222	1102737	1603752	4156	5310	1	20	20	1050.11285107840	1266.39330383574	64.4670458451448	72.8697468089467	1837.93482192114	2672.97791452148	6.92681674769620	8.85019175415467	1.75129796876242	2.11258106116580	0.107447652530253	0.121452567778466
225	599995.622	0	599986	2025-03-19_05:20:22	45735.2224768519	1087153	1603779	3859	4970	1	20	20	1042.66629369132	1266.40396398622	62.1208499619894	70.4982269280583	1811.96394582540	2673.02737063865	6.43181674239066	8.28352661562103	1.73886703392978	2.11260240326992	0.103537387786152	0.117500110986442
247.5	599995.7215	0	599988	2025-03-19_05:30:39	45735.2296180556	1078061	1602262	3639	4680	1	20	20	1038.29716362899	1265.80488227847	60.3241245274227	68.4105255059483	1796.80426941872	2670.49007646820	6.06512130242605	7.80015600312006	1.73156606831984	2.11159419331690	0.100542421660849	0.114020119369384
270	599996.4644	0	599987	2025-03-19_05:40:56	45735.2367592593	1070048	1602304	3767	4745	1	20	20	1034.43124469440	1265.82147240438	61.3758910322286	68.8839603971781	1783.45197479279	2670.56452889813	6.27846936683628	7.90850468426816	1.72511409104683	2.11162544356965	0.10229558221055	0.114809390854437
270	599995.76405	0	599988	2025-03-19_05:51:01	45735.2437615741	1068528	1604271	3569	4622	1	20	20	1033.69628034544	1266.59819990398	59.7411081249754	67.9852925271341	1780.91561831237	2673.83847676954	5.94845230237938	7.70348740308139	1.72388406522901	2.11291994645058	0.0995707023856107	0.113311378069255
247.5	599996.94295	0	599988	2025-03-19_06:01:17	45735.2508912037	1077707	1604424	3705	4745	1	20	20	1038.12667820454	1266.65859646552	60.8687111741328	68.8839603971781	1796.21425761849	2674.09348186964	6.17512350247005	7.90849150316340	1.73128141003252	2.11302087837474	0.101450089780317	0.114809199500616
225	599996.20435	0	599987	2025-03-19_06:11:33	45735.2580208333	1086628	1601250	3860	4978	1	20	20	1042.41450488757	1265.40507348438	62.1288982680363	70.5549431294505	1811.08590686132	2668.80782416952	6.43347272524238	8.29684643167269	1.73844371530677	2.11092957886737	0.103550629439701	0.117594444981727
202.5	599995.9001	0	599987	2025-03-19_06:21:49	45735.2651504630	1101473	1602737	4145	5352	1	20	20	1049.51083843856	1265.99249602831	64.3816744112795	73.1573646326875	1835.82810960904	2671.28621120124	6.90848301713204	8.92019327085420	1.75029275043966	2.11191124990656	0.107305362739897	0.121931945463854
180	599995.91345	0	599987	2025-03-19_06:32:06	45735.2722916667	1116543	1602367	4258	5496	1	20	20	1056.66598317538	1265.84635718558	65.2533524043018	74.1350119714025	1860.94532048194	2670.66953117318	7.09682043110934	9.16019847096687	1.76224028198812	2.11166702978921	0.10875820104642	0.123561407730116
157.5	599996.0762	0	599988	2025-03-19_06:42:22	45735.2794212963	1122842	1605901	4172	5406	1	20	20	1059.64239250796	1267.24149237626	64.5910210478206	73.5255057786072	1871.44076214858	2676.55519777062	6.95347240278139	9.01018020360407	1.76720737580533	2.11399498822360	0.107654104350868	0.122545328587757
135	599995.8426	0	599988	2025-03-19_06:52:38	45735.2865509259	1123133	1604315	3968	5127	1	20	20	1059.77969408741	1266.61556914480	62.9920629920945	71.6030725597722	1871.92577184877	2673.91181156956	6.61346560264539	8.54517090341807	1.76743664445096	2.11294897311524	0.104989102882057	0.119341181018717
112.5	599996.31995	0	599988	2025-03-19_07:02:55	45735.2936921296	1122596	1601762	3822	4936	1	20	20	1059.52630925334	1265.60736407466	61.8223260642949	70.2566722810012	1871.03075394841	2669.65672646786	6.37012740254805	8.22683120329073	1.76701353798642	2.11126411136231	0.103039489687814	0.117097116855423
90	599995.92735	0	599987	2025-03-19_07:13:11	45735.3008217593	1116131	1603640	3884	4876	1	20	20	1056.47101238037	1266.34908299410	62.3217458035315	69.8283610003844	1860.25863893718	2672.79124381028	6.47347359192783	8.12684274825955	1.76191471930328	2.11250716130838	0.103872051037259	0.11638343858383
90	599996.15535	0	599986	2025-03-19_07:23:16	45735.3078240741	1115050	1602259	3689	4732	1	20	20	1055.95927951792	1265.80369726115	60.7371385562409	68.7895340876794	1858.46003073405	2670.49397819282	6.14847679779195	7.88685069318284	1.76106316644620	2.11159926429229	0.101231133791978	0.114652200111208
112.5	599996.27905	0	599988	2025-03-19_07:33:32	45735.3149537037	1121615	1602427	3873	4937	1	20	20	1059.06326534348	1265.87005652239	62.2334315300064	70.2637886823647	1869.39572124776	2670.76508196831	6.45512910258205	8.22849790329140	1.76624034007498	2.11170310911950	0.103724683561703	0.11710897785917
135	599996.12755	0	599988	2025-03-19_07:43:49	45735.3220949074	1122568	1602857	4175	5246	1	20	20	1059.51309571897	1266.03988878708	64.6142399166004	72.4292758489273	1870.98408634839	2671.48176296859	6.95847250278339	8.74350820349740	1.76699147380406	2.11198692409666	0.107692803508672	0.120718225944792
157.5	599995.8677	0	599988	2025-03-19_07:54:06	45735.3292361111	1122855	1599168	4304	5518	1	20	20	1059.64852663513	1264.58214442558	65.6048778674269	74.2832417170926	1871.46242924858	2665.33330666613	7.17347680286939	9.19685060367874	1.76721761867877	2.10955082301682	0.10934391144834	0.123808258573933
180	599995.57695	0	599986	2025-03-19_08:04:23	45735.3363773148	1116599	1603116	4315	5592	1	20	20	1056.69248128299	1266.14217211181	65.6886595996600	74.7796763833597	1861.04175764101	2671.92234485471	7.19183447613778	9.32021747174101	1.76228746945590	2.11216490805473	0.109483916419941	0.124636089357699
202.5	599995.93715	0	599988	2025-03-19_08:14:40	45735.3435185185	1099986	1602923	4166	5334	1	20	20	1048.80217391079	1266.06595404821	64.5445582524197	73.0342385460409	1833.34666693334	2671.59176516864	6.94347220277739	8.89017780355607	1.74910653266544	2.11203048304319	0.107576664271647	0.121726526162475
225	599996.0605	0	599987	2025-03-19_08:24:56	45735.3506481481	1088581	1603110	3878	5072	1	20	20	1043.35085182311	1266.13980270743	62.2735899077611	71.2179752590594	1814.34097738784	2671.90789133765	6.46347337525646	8.45351649285735	1.74000715492594	2.11215742180700	0.103791788952795	0.118699531729689
247.5	599995.54505	0	599986	2025-03-19_08:35:13	45735.3577893519	1078640	1601239	3668	4671	1	20	20	1038.57594811357	1265.40072704262	60.5640157189069	68.3447144993671	1797.77528142323	2668.79393852523	6.11347598110623	7.78518165423860	1.73203733361488	2.11092583985604	0.100942587227945	0.11391081102217
270	599996.04	0	599987	2025-03-19_08:45:30	45735.3649305556	1071757	1602484	3579	4572	1	20	20	1035.25697292991	1265.89257048140	59.8247440445841	67.6165660175079	1786.30036984135	2670.86453539827	5.96512924446696	7.62016510357724	1.72649278985163	2.11174425918248	0.0997102653910057	0.112697004719786