# 60765.0 42146.9713612 0.1563978727 9770 1430.391 0.000 256 k 1 0355+54
1 -366243.562500 -1381239.875000 1081775.000000 -4490558.500000 -4570214.500000 -14238392.000000 -8823176.000000 -5359500.000000
2 -427877.468750 -1448093.625000 1158997.375000 -4521191.500000 -4216909.500000 -14231792.000000 -8384687.500000 -5457604.500000
3 -295296.406250 -1326286.125000 1128162.500000 -4485856.500000 -4352857.500000 -14030788.000000 -8318036.000000 -5005994.000000
4 -494897.750000 -1343042.875000 1144660.750000 -4521947.000000 -4152463.250000 -13901155.000000 -7384952.500000 -5097043.500000
5 -397975.031250 -1263169.125000 1080777.875000 -4485311.500000 -4374450.000000 -13861817.000000 -8636400.000000 -5047232.000000
6 -286147.562500 -1419923.000000 1099733.000000 -4532638.500000 -4256119.500000 -13480078.000000 -7772689.500000 -4784494.500000
7 -394816.125000 -1281701.875000 1145449.875000 -4534965.000000 -4106125.000000 -14194820.000000 -8274261.500000 -4959990.500000
8 -364293.875000 -1363283.875000 996893.000000 -4699391.000000 -4040723.000000 -13642635.000000 -8044099.000000 -4971153.500000
9 -366405.093750 -1499180.875000 1118906.875000 -4484121.500000 -4227137.000000 -13877580.000000 -8029929.000000 -4987300.500000
10 -349318.343750 -1293071.625000 973419.687500 -4492778.500000 -4180719.000000 -13873005.000000 -8257736.500000 -5141868.000000
11 -261535.062500 -1360058.000000 1043480.937500 -4482645.000000 -4222220.000000 -13937489.000000 -8476219.000000 -5373396.000000
12 -380407.656250 -1433080.125000 1287429.750000 -4556316.000000 -4592748.500000 -14172065.000000 -8358243.000000 -5678521.500000
13 -444752.687500 -1390775.625000 1139551.875000 -4581260.500000 -4539828.000000 -14095152.000000 -8765982.000000 -5027208.500000
14 -522418.125000 -1366749.875000 899199.062500 -4519224.000000 -4240487.500000 -14390354.000000 -8256503.000000 -4967346.500000
15 -363787.906250 -1308293.125000 1135458.375000 -4502538.000000 -4411032.000000 -13618577.000000 -7941866.000000 -5294295.500000
16 -413109.656250 -1288329.000000 1097708.125000 -4524366.500000 -4594286.000000 -14187883.000000 -8385839.000000 -5281455.500000
17 -468676.375000 -1360321.875000 1079176.250000 -4523661.500000 -4033462.000000 -13819155.000000 -8154051.000000 -4929586.500000
18 -428453.687500 -1600304.250000 1022337.312500 -4540565.000000 -3920315.750000 -13487498.000000 -7719107.500000 -4879163.000000
19 -400964.750000 -1387332.625000 837783.687500 -4583910.000000 -3756855.750000 -13734452.000000 -7986635.000000 -5031744.000000
20 -343543.781250 -1266313.625000 991153.812500 -4538004.000000 -4302459.000000 -13658557.000000 -8546260.000000 -5055684.000000
21 -416408.031250 -1488431.375000 990103.625000 -4399503.500000 -4113099.500000 -14186215.000000 -7934901.500000 -5042103.000000
22 -423125.000000 -1361620.250000 1036921.000000 -4407010.000000 -4347116.000000 -14405358.000000 -8749433.000000 -5246455.000000
23 -315615.843750 -1378623.625000 1122150.125000 -4551981.000000 -4512123.500000 -14010464.000000 -9212552.000000 -5560139.000000
24 -413713.343750 -1177249.750000 1102440.750000 -4531703.500000 -4290358.000000 -13967560.000000 -8859914.000000 -5152949.000000
25 -457336.656250 -1357635.875000 955390.625000 -4620123.500000 -4182229.000000 -14045660.000000 -8676777.000000 -5068053.500000
26 -367064.531250 -1322556.875000 1050913.500000 -4738768.000000 -4004104.250000 -13929801.000000 -7952303.500000 -5283666.000000
27 -285553.625000 -1367242.000000 1054426.375000 -4502729.500000 -4384551.500000 -13754610.000000 -8223881.500000 -5033187.500000
28 -458332.031250 -1241213.625000 908101.750000 -4489150.500000 -4022260.250000 -13535322.000000 -8042909.000000 -4958325.500000
29 -468277.781250 -1382421.250000 859014.875000 -4572576.500000 -3644298.000000 -13176588.000000 -7922439.500000 -4989526.000000
30 -511770.343750 -1266421.000000 1064187.000000 -4574596.000000 -4043453.000000 -13447705.000000 -7890263.500000 -5120025.000000
31 -319234.562500 -1277196.500000 962015.625000 -4484650.000000 -4137935.750000 -14075098.000000 -8508554.000000 -5227013.000000
32 -329125.531250 -1414296.250000 1152116.375000 -4511014.500000 -4400991.000000 -14419396.000000 -8317293.000000 -5249752.000000
33 -446278.625000 -1418694.750000 1002138.687500 -4612598.000000 -4589125.500000 -13998125.000000 -8424984.000000 -5419510.000000
34 -357140.000000 -1462299.000000 1072405.750000 -4538981.000000 -4658357.000000 -14133689.000000 -8729272.000000 -5254159.500000
35 -404801.125000 -1399446.250000 1046026.312500 -4575116.500000 -4066564.500000 -14137053.000000 -8396635.000000 -5270909.000000
36 -433631.031250 -1509702.000000 1149422.625000 -4672926.500000 -4278041.500000 -14255328.000000 -8626830.000000 -5089837.000000
37 -297035.000000 -1270439.000000 976016.500000 -4655422.000000 -4092283.000000 -13923285.000000 -8245853.500000 -5193884.000000
38 -319629.031250 -1375719.000000 1014169.375000 -4568161.500000 -4305777.500000 -13927196.000000 -7489024.500000 -5076274.500000
39 -368303.500000 -1245611.875000 880974.750000 -4618889.500000 -4188292.250000 -13736443.000000 -8000547.500000 -5239122.000000
40 -440462.781250 -1412998.625000 967730.437500 -4666115.500000 -4227863.500000 -13518665.000000 -8224750.000000 -4847101.000000
41 -346413.093750 -1276076.875000 972312.250000 -4579388.500000 -4108449.500000 -13441331.000000 -8309952.000000 -4782469.500000
42 -392454.343750 -1416674.875000 1006725.500000 -4586933.000000 -4175142.000000 -14051559.000000 -8303466.000000 -5079066.000000
43 -464909.125000 -1352021.125000 1087415.875000 -4564886.500000 -4241793.500000 -14070795.000000 -8463269.000000 -5279721.000000
44 -448937.281250 -1426089.000000 1128249.250000 -4553051.000000 -4262897.000000 -14398223.000000 -8251975.500000 -5271899.000000
45 -507169.437500 -1504714.750000 1099551.750000 -4464431.000000 -4527414.500000 -13672051.000000 -8332273.500000 -5113335.000000
46 -408512.062500 -1395304.875000 994737.000000 -4507179.500000 -4343077.000000 -14356608.000000 -8595481.000000 -5153078.000000
47 -425608.781250 -1397144.625000 1086268.625000 -4415303.000000 -4224983.000000 -14142536.000000 -8114242.500000 -5112663.500000
48 -415007.312500 -1330165.375000 996887.062500 -4602300.000000 -4135574.500000 -13710281.000000 -8356900.000000 -4984425.500000
49 -277071.718750 -1367223.625000 947163.750000 -4640652.000000 -4448795.000000 -13537937.000000 -8344353.000000 -5313778.000000
50 -411863.031250 -1461840.750000 908483.875000 -4624762.000000 -4098299.750000 -13848090.000000 -7702586.000000 -5098253.500000
51 -208407.625000 -1382033.625000 950798.562500 -4563049.000000 -3886870.750000 -13566132.000000 -7587777.500000 -5179032.000000
52 -414300.687500 -1426635.750000 967121.375000 -4611211.500000 -4220154.000000 -13874716.000000 -8352030.000000 -4923553.000000
53 -341724.781250 -1343386.500000 1091133.625000 -4574627.500000 -4192106.000000 -14017652.000000 -8333759.000000 -5107990.000000
54 -306738.187500 -1514769.250000 1163742.000000 -4565965.500000 -4607709.000000 -14598772.000000 -8486988.000000 -5111014.000000
55 -317397.718750 -1506156.500000 1014210.125000 -4607023.500000 -4349662.500000 -14309810.000000 -8723584.000000 -5338080.000000
56 -282503.562500 -1320193.000000 973179.375000 -4496474.500000 -4377074.000000 -14007800.000000 -8114008.500000 -5149062.500000
57 -351066.843750 -1461110.500000 1077774.375000 -4557775.500000 -4564445.500000 -14030169.000000 -8632109.000000 -5092763.500000
58 -320610.906250 -1424634.000000 972130.437500 -4572738.000000 -4391260.500000 -14025019.000000 -8483067.000000 -5265624.000000
59 -312832.875000 -1378140.250000 1094682.875000 -4457173.000000 -3941463.750000 -13894732.000000 -8540677.000000 -5018458.000000
60 -330452.031250 -1331378.875000 1035370.875000 -4613035.500000 -3934878.250000 -13630771.000000 -7882496.000000 -5139421.500000
61 -379147.187500 -1416330.750000 1073974.125000 -4764035.500000 -4218762.500000 -13852362.000000 -8177819.500000 -5229469.500000
62 -365965.937500 -1365475.500000 1041612.312500 -4661095.000000 -3684699.750000 -13819747.000000 -8384034.500000 -5149578.500000
63 -349488.781250 -1429917.250000 1059649.375000 -4548267.500000 -4005211.000000 -13871267.000000 -8513082.000000 -5312458.000000
64 -329391.375000 -1315057.500000 1134480.500000 -4591163.500000 -4255915.000000 -14184491.000000 -8747636.000000 -5201198.000000
65 -394804.625000 -1449246.750000 1046760.812500 -4512372.500000 -4362592.000000 -14428595.000000 -8882473.000000 -5273459.500000
66 -356988.687500 -1419970.500000 1034362.937500 -4579595.000000 -4429869.500000 -14194883.000000 -8760467.000000 -5396755.000000
67 -363790.812500 -1333016.000000 981288.750000 -4615787.500000 -4346903.000000 -14196686.000000 -8415260.000000 -5337895.000000
68 -368037.906250 -1403852.375000 1010902.812500 -4595491.000000 -3907169.000000 -13710764.000000 -7820186.000000 -4983257.500000
69 -415095.312500 -1270554.500000 899056.062500 -4659498.500000 -3849029.000000 -13917186.000000 -8265793.000000 -5038992.500000
70 -390674.187500 -1424150.250000 958550.500000 -4539444.000000 -3947440.750000 -14099630.000000 -8264386.500000 -5182996.000000
71 -247536.968750 -1486937.000000 982091.500000 -4525156.000000 -4150058.250000 -13666687.000000 -7819330.500000 -4821155.500000
72 -392804.250000 -1413718.875000 844518.687500 -4546582.500000 -4065005.750000 -14206998.000000 -7852668.500000 -4978211.000000
73 -345225.687500 -1336761.375000 1022480.937500 -4623727.500000 -4037074.250000 -13802785.000000 -8372290.000000 -4993684.500000
74 -485460.937500 -1268149.500000 1086082.375000 -4498923.500000 -4280291.000000 -14756528.000000 -8498327.000000 -5054037.500000
75 -357424.031250 -1474498.500000 1226497.500000 -4510816.000000 -4352969.000000 -14235356.000000 -8711957.000000 -5655062.000000
76 -263963.906250 -1446711.625000 1080604.875000 -4516265.500000 -4449670.500000 -14572143.000000 -8353906.500000 -5561914.500000
77 -424244.343750 -1412681.625000 1116695.625000 -4545358.000000 -4208349.500000 -14687781.000000 -8676219.000000 -5310520.500000
78 -349337.250000 -1330829.125000 1210098.875000 -4596532.000000 -4564649.000000 -14580691.000000 -8529766.000000 -5259222.500000
79 -354605.593750 -1441900.625000 1018864.375000 -4463785.000000 -3975034.250000 -13805133.000000 -8552809.000000 -5008008.000000
80 -355077.062500 -1356017.125000 919456.937500 -4448305.500000 -4160196.000000 -13545293.000000 -7816850.500000 -5089886.500000
81 -299111.125000 -1159592.250000 1012561.375000 -4490799.500000 -3931241.000000 -13528759.000000 -7567879.500000 -5091439.500000
82 -311393.093750 -1407133.500000 976335.375000 -4479027.500000 -4140086.750000 -13335179.000000 -8131044.500000 -4944467.000000
83 -296453.906250 -1233546.125000 946502.562500 -4643686.000000 -3580253.250000 -13723256.000000 -7659910.000000 -4802777.000000
84 -273561.468750 -1401584.000000 818267.375000 -4642621.000000 -4085190.500000 -13533756.000000 -8168340.500000 -4978545.000000
85 -337982.968750 -1617803.250000 992990.750000 -4636627.500000 -4079053.750000 -14282460.000000 -8252452.000000 -5279937.500000
86 -271347.468750 -1343328.000000 937627.000000 -4445825.500000 -4245803.500000 -14003207.000000 -8634921.000000 -5610971.000000
87 -241869.265625 -1389381.250000 1122402.000000 -4482950.000000 -4379302.000000 -13926440.000000 -8826211.000000 -5269486.500000
88 -295071.625000 -1250716.375000 1098455.750000 -4612850.000000 -4319048.500000 -13985875.000000 -8768323.000000 -5518971.000000
89 -232659.500000 -1106066.500000 1109513.625000 -4419748.500000 -4429221.000000 -14346177.000000 -8828904.000000 -5364565.500000
90 -282554.593750 -1237115.625000 932991.375000 -4626733.500000 -4026402.750000 -13773751.000000 -8462454.000000 -5161847.500000
91 -251837.078125 -1377467.375000 893340.625000 -4541864.500000 -4269084.500000 -13972752.000000 -8492077.000000 -5361542.500000
92 -199069.406250 -1296684.250000 1079337.250000 -4479371.500000 -4030372.500000 -13779413.000000 -8276775.500000 -5090477.500000
93 -101073.554688 -1219545.750000 1088384.625000 -4416416.000000 -3886015.000000 -13191996.000000 -7642378.500000 -4802495.500000
94 6585.050293 -1213400.250000 1020491.125000 -4617605.500000 -3862527.750000 -13631910.000000 -8129090.000000 -4885813.500000
95 -67611.578125 -1192601.000000 1122510.500000 -4455209.500000 -4164256.250000 -13454622.000000 -8803889.000000 -5050137.500000
96 -179830.187500 -1162401.000000 1294110.250000 -4561087.000000 -4446643.000000 -13921740.000000 -8478753.000000 -5251549.000000
97 -142914.500000 -1016712.000000 1259756.750000 -4555525.500000 -4617731.000000 -13916524.000000 -8968427.000000 -5235946.500000
98 -108053.546875 -965741.500000 1452631.500000 -4474630.500000 -4463946.500000 -14123858.000000 -8424396.000000 -5566864.500000
99 -150803.000000 -953252.312500 1346838.125000 -4538442.500000 -4351197.000000 -14063192.000000 -8442072.000000 -5301509.000000
100 -237524.343750 -926818.812500 1473101.375000 -4350957.000000 -4131606.500000 -14216817.000000 -7863949.500000 -5200138.500000
101 -249664.718750 -995407.000000 1508139.250000 -4458583.000000 -4252537.000000 -14038105.000000 -8664995.000000 -5169294.500000
102 -293438.781250 -1083286.750000 1386590.000000 -4528830.000000 -4164631.500000 -13764324.000000 -8425269.000000 -4802874.000000
103 -172386.890625 -1261070.250000 1400155.625000 -4358401.500000 -3987519.750000 -13450799.000000 -7765834.500000 -4881940.500000
104 -184954.953125 -1146457.000000 1466499.000000 -4318088.500000 -4073048.500000 -14096239.000000 -8143858.000000 -5101029.500000
105 -330883.187500 -1011728.687500 1203801.250000 -4354160.500000 -3627720.000000 -14189754.000000 -8583028.000000 -5172840.500000
106 -359529.187500 -1172523.500000 1395248.625000 -4240323.000000 -3910204.000000 -13864927.000000 -8463247.000000 -5275509.000000
107 -267104.468750 -1194154.875000 1396537.625000 -4349477.000000 -4115265.750000 -14391624.000000 -8536508.000000 -5588306.000000
108 -382498.562500 -1290845.000000 1381843.500000 -4320248.000000 -3857244.000000 -14020607.000000 -8717629.000000 -5292966.000000
109 -427283.531250 -1343228.500000 1439730.375000 -4409388.500000 -3455093.750000 -14174586.000000 -8329927.500000 -5250002.500000
110 -346231.562500 -1269312.250000 1226850.375000 -4393480.500000 -3687702.500000 -13661508.000000 -7919815.000000 -5039612.000000
111 -302304.125000 -1245898.375000 1349165.000000 -4338341.500000 -3724870.000000 -13439446.000000 -7806036.000000 -5015992.000000
112 -363949.375000 -1295100.875000 1237688.000000 -4455104.000000 -3314882.000000 -13141356.000000 -7511465.500000 -4892679.500000
113 -436558.531250 -1299858.000000 1198174.625000 -4427855.000000 -3494553.750000 -13181240.000000 -7543101.500000 -4970148.000000
114 -389178.062500 -1245603.250000 1159749.750000 -4544736.000000 -3604702.250000 -12672671.000000 -7439188.000000 -4899076.000000
115 -282684.718750 -1380720.000000 1070096.625000 -4416188.500000 -3704158.250000 -13144467.000000 -7251940.500000 -4676315.000000
116 -345573.531250 -1416860.125000 1232246.250000 -4452111.500000 -3768411.250000 -13214235.000000 -7730943.000000 -4973043.000000
117 -405197.906250 -1489391.375000 1127513.750000 -4471773.500000 -3750991.500000 -13698146.000000 -8113537.000000 -4873239.000000
118 -441527.187500 -1349798.750000 1120404.375000 -4445325.500000 -4057161.750000 -13408324.000000 -7599380.000000 -4908777.000000
119 -367500.218750 -1411480.000000 1074373.875000 -4543599.000000 -3890824.250000 -13862631.000000 -7828900.500000 -4748474.500000
120 -478977.718750 -1456207.625000 1153639.125000 -4529365.500000 -4164021.500000 -13472936.000000 -7507444.000000 -4508389.000000
121 -330779.406250 -1464775.875000 1084555.625000 -4537616.000000 -4098494.000000 -13513736.000000 -7706407.000000 -4696455.500000
122 -406171.218750 -1284561.500000 1033621.437500 -4464532.500000 -3852242.500000 -13645929.000000 -7635303.000000 -4368040.000000
123 -316258.843750 -1297693.750000 1063960.875000 -4557345.000000 -3727298.750000 -13294996.000000 -7691367.000000 -4466547.000000
124 -437615.625000 -1359510.625000 992709.875000 -4534669.500000 -4067226.500000 -13977057.000000 -7685507.000000 -4385817.500000
125 -415002.968750 -1386421.250000 1059701.000000 -4436787.000000 -3988720.000000 -13857849.000000 -7380056.500000 -4596698.500000
126 -451045.031250 -1372719.750000 996517.875000 -4500829.000000 -3923142.250000 -13490531.000000 -7173532.000000 -4573936.000000
127 -423251.156250 -1341712.500000 989906.375000 -4550027.000000 -4207272.500000 -13530230.000000 -8362792.000000 -4571175.500000
128 -495482.062500 -1480849.375000 1196404.625000 -4587627.500000 -4672980.000000 -14285723.000000 -8596399.000000 -4833467.500000
129 -364363.781250 -1401373.250000 1220424.375000 -4507895.500000 -4612231.000000 -14081758.000000 -8789443.000000 -4566254.500000
130 -367840.750000 -1412782.125000 1098978.500000 -4494941.500000 -4372200.500000 -14125666.000000 -8455374.000000 -5060598.000000
131 -430352.000000 -1312397.375000 1057152.125000 -4622955.000000 -4489718.000000 -14207958.000000 -8500494.000000 -5067794.500000
132 -401903.375000 -1398694.750000 1241960.500000 -4466764.500000 -4404955.000000 -14565799.000000 -8343630.000000 -5028391.000000
133 -298308.656250 -1331225.875000 1154497.125000 -4587132.000000 -4334932.000000 -13995834.000000 -8539012.000000 -4934348.500000
134 -291685.812500 -1256117.500000 1059412.500000 -4559986.500000 -4058889.000000 -14074219.000000 -7912738.000000 -4918442.000000
135 -362527.812500 -1245191.250000 1078197.250000 -4628007.500000 -4298939.000000 -14107668.000000 -7880915.500000 -5165457.000000
136 -367801.875000 -1366533.875000 969375.187500 -4553499.500000 -3890075.750000 -14081463.000000 -7781243.500000 -4860152.000000
137 -421106.843750 -1314873.000000 1096137.500000 -4525981.000000 -4353898.500000 -13983004.000000 -8245509.500000 -5266342.000000
138 -408259.625000 -1245246.625000 1174981.000000 -4492889.000000 -4082088.000000 -14146942.000000 -8607344.000000 -5467871.000000
139 -307795.500000 -1407893.375000 1149663.750000 -4522651.000000 -4438735.000000 -14167313.000000 -8940015.000000 -5335970.500000
140 -446132.906250 -1476296.000000 1024846.062500 -4486776.500000 -4428350.000000 -14161820.000000 -8706502.000000 -5547199.000000
141 -359224.281250 -1353400.250000 919113.687500 -4537606.000000 -4551689.500000 -13853818.000000 -8396762.000000 -5139221.500000
142 -338487.781250 -1224489.250000 973343.625000 -4488411.000000 -4213516.000000 -13659663.000000 -8675692.000000 -5159153.500000
143 -310830.000000 -1363925.250000 939226.937500 -4656200.500000 -4339047.000000 -13626853.000000 -8598611.000000 -5116966.500000
144 -429345.406250 -1336842.000000 1005042.500000 -4613004.000000 -4226140.000000 -13758229.000000 -8196302.000000 -4918137.000000
145 -377883.593750 -1292610.500000 838591.812500 -4613798.000000 -3898915.500000 -13308038.000000 -7631412.000000 -4965989.500000
146 -407633.312500 -1297970.000000 841518.625000 -4625133.500000 -3931737.000000 -13694627.000000 -7711082.500000 -4903546.500000
147 -371615.500000 -1304462.375000 1025005.062500 -4553353.500000 -4118210.500000 -13316564.000000 -8030447.500000 -5163145.500000
148 -411487.468750 -1322595.250000 1021143.000000 -4503969.500000 -4167093.750000 -14048310.000000 -8553434.000000 -5352896.500000
149 -359008.187500 -1401316.750000 1254132.875000 -4538575.000000 -4743137.000000 -14210712.000000 -8708253.000000 -5313954.500000
150 -484420.406250 -1414980.875000 1129054.875000 -4636786.000000 -4573356.000000 -14662636.000000 -9297144.000000 -5585780.000000
151 -332775.875000 -1339159.875000 1139465.625000 -4472619.500000 -4526920.500000 -13802218.000000 -8678749.000000 -5433150.500000
152 -373525.468750 -1349471.875000 1070658.875000 -4481213.500000 -4546474.000000 -14301596.000000 -8349752.500000 -5390474.500000
153 -270954.093750 -1264632.500000 1064646.000000 -4525320.000000 -4236577.000000 -14342540.000000 -9011355.000000 -5230267.500000
154 -408272.781250 -1247073.875000 1109291.625000 -4541174.000000 -4094393.500000 -13932037.000000 -7995244.500000 -5130330.500000
155 -338507.000000 -1480917.625000 1026054.687500 -4504910.500000 -3957144.000000 -13929619.000000 -7584525.500000 -4831323.500000
156 -483113.000000 -1434195.375000 1033592.062500 -4607950.000000 -4327116.500000 -13929333.000000 -7807667.500000 -5012290.000000
157 -355138.781250 -1253974.250000 827737.812500 -4658423.500000 -3881678.250000 -13618804.000000 -8539482.000000 -5195582.000000
158 -438494.125000 -1395179.125000 995128.625000 -4633300.500000 -3850351.000000 -13436902.000000 -7949383.500000 -4801836.500000
159 -360896.781250 -1427692.750000 855166.500000 -4544775.500000 -4217106.000000 -13788025.000000 -7867244.000000 -5081677.500000
160 -452181.281250 -1330711.500000 1010050.625000 -4682037.500000 -4465341.500000 -13762690.000000 -8607654.000000 -5186147.000000
161 -530534.187500 -1470898.625000 1048007.687500 -4472699.000000 -4344613.500000 -14219193.000000 -8850217.000000 -5238323.500000
162 -343691.281250 -1392943.000000 1001112.750000 -4471665.500000 -4279038.000000 -13999542.000000 -8857672.000000 -5473518.500000
163 -392368.343750 -1448440.875000 1027589.187500 -4632975.000000 -4246837.000000 -13952869.000000 -8862557.000000 -5080387.500000
164 -355898.843750 -1305441.750000 949506.187500 -4562255.500000 -4145960.250000 -13285088.000000 -8044577.500000 -5124963.000000
165 -292264.343750 -1330118.000000 943510.125000 -4538040.000000 -4042569.000000 -13743581.000000 -7689323.500000 -5041261.000000
166 -264838.406250 -1294628.375000 829563.812500 -4686552.000000 -4020997.750000 -13891079.000000 -8154190.000000 -5170549.000000
167 -332164.531250 -1533003.000000 1012213.875000 -4673505.500000 -4018245.750000 -13726957.000000 -8202654.000000 -5033609.500000
168 -372807.406250 -1431809.625000 970529.000000 -4736740.000000 -4063744.500000 -13888015.000000 -8246880.500000 -4853385.500000
169 -410884.031250 -1371185.875000 861067.687500 -4579870.500000 -4242210.000000 -13552796.000000 -7905582.000000 -5169290.000000
170 -429644.000000 -1584848.875000 945682.937500 -4708544.000000 -4354905.000000 -13978662.000000 -8791718.000000 -5365079.000000
171 -331217.312500 -1384970.250000 1136185.625000 -4545337.000000 -4728075.500000 -14326480.000000 -9037585.000000 -5047845.500000
172 -302592.781250 -1560169.875000 1072652.500000 -4490631.000000 -4548743.000000 -14377874.000000 -8843745.000000 -5374246.000000
173 -377800.718750 -1531210.500000 1034307.687500 -4498297.000000 -4563222.000000 -14615920.000000 -8867486.000000 -5466805.500000
174 -469170.937500 -1334800.250000 1039383.875000 -4551710.500000 -4635394.500000 -14420193.000000 -8454614.000000 -5319234.500000
175 -263559.593750 -1353586.750000 993645.562500 -4548002.000000 -4225615.500000 -13952339.000000 -8706037.000000 -5586570.000000
176 -323130.156250 -1399472.875000 893306.875000 -4513052.000000 -3841405.500000 -13511779.000000 -8392169.000000 -4881803.000000
177 -386196.812500 -1392658.625000 994150.562500 -4475818.500000 -4250630.500000 -13714758.000000 -8119843.000000 -5041714.500000
178 -370951.781250 -1174787.875000 903982.187500 -4616155.000000 -4000020.750000 -13329338.000000 -7828100.000000 -4982173.000000
179 -349071.718750 -1339478.250000 941806.937500 -4617394.000000 -4213237.500000 -13839567.000000 -8433305.000000 -4972021.500000
180 -367392.750000 -1450859.625000 1087477.500000 -4611051.500000 -4453953.000000 -13926016.000000 -8656044.000000 -5325355.000000
181 -440738.343750 -1349962.000000 920991.937500 -4456504.000000 -4189553.000000 -14183958.000000 -8348788.500000 -4937849.500000
182 -323243.406250 -1289527.875000 1025187.375000 -4435918.000000 -3813287.000000 -13847802.000000 -8147971.500000 -5130575.000000
183 -396791.218750 -1458643.625000 909067.812500 -4622595.000000 -4548623.500000 -14159145.000000 -8731131.000000 -5246170.500000
184 -447717.218750 -1454017.000000 1073361.375000 -4573563.500000 -4696707.000000 -14030277.000000 -8690547.000000 -5207146.000000
185 -399066.187500 -1419769.125000 972476.500000 -4487372.000000 -4349613.000000 -14261555.000000 -8813171.000000 -5661968.000000
186 -370605.343750 -1440459.750000 1119631.125000 -4364786.000000 -4280928.000000 -13512103.000000 -8287174.000000 -5205682.000000
187 -382347.718750 -1506815.125000 934156.062500 -4448289.500000 -3905974.750000 -13567095.000000 -7970644.000000 -4894417.000000
188 -382574.343750 -1469555.875000 849946.937500 -4526100.500000 -4243327.500000 -13401329.000000 -7981463.000000 -4979380.500000
189 -372961.125000 -1258257.500000 944226.875000 -4524413.000000 -3891967.000000 -13562510.000000 -7841246.500000 -4904714.000000
190 -433762.968750 -1395975.500000 971931.437500 -4619743.000000 -3944044.750000 -13799134.000000 -7800772.500000 -4867287.500000
191 -366939.968750 -1324152.625000 991018.500000 -4507269.500000 -4151248.250000 -14153470.000000 -8505621.000000 -5231341.500000
192 -385636.406250 -1373220.625000 1066249.625000 -4614269.500000 -4237955.000000 -13984117.000000 -8846744.000000 -5455471.000000
193 -546498.625000 -1514185.000000 930695.187500 -4650339.000000 -4187939.250000 -13964790.000000 -8214379.000000 -5217094.000000
194 -376134.500000 -1503040.500000 1057896.250000 -4582963.500000 -4238787.000000 -14059810.000000 -8530046.000000 -5087531.500000
195 -401574.656250 -1356126.625000 1158764.125000 -4482404.000000 -4429843.000000 -14364618.000000 -8641040.000000 -5275542.500000
196 -491372.093750 -1512044.875000 1120451.625000 -4432314.500000 -4147593.000000 -14217866.000000 -8344518.500000 -5060181.500000
197 -457288.250000 -1384271.875000 862559.562500 -4645900.000000 -4087256.750000 -13553870.000000 -8197835.000000 -5031799.500000
198 -419721.531250 -1341280.500000 994517.375000 -4717847.000000 -4176659.500000 -14026498.000000 -8225903.000000 -4961318.500000
199 -313265.468750 -1392813.125000 798319.125000 -4660869.000000 -4035659.000000 -13916949.000000 -8062222.000000 -4890836.500000
200 -467697.531250 -1148771.125000 981243.875000 -4617393.000000 -4069411.500000 -13690386.000000 -8365752.000000 -5016938.500000
201 -422203.875000 -1307291.875000 882790.312500 -4493975.500000 -4010623.250000 -13520391.000000 -8394191.000000 -5008556.500000
202 -376559.093750 -1338267.125000 961579.625000 -4496113.500000 -4136383.750000 -13803035.000000 -8367729.000000 -5153463.500000
203 -343250.281250 -1313580.875000 1215473.500000 -4548646.500000 -4529411.500000 -14011444.000000 -8535001.000000 -5627769.500000
204 -483287.062500 -1285628.750000 1158642.750000 -4481053.500000 -4435442.000000 -13873821.000000 -8719842.000000 -5420323.500000
205 -347625.281250 -1444303.625000 1042225.125000 -4552992.000000 -4498567.000000 -14567765.000000 -8926260.000000 -5230332.500000
206 -432417.718750 -1459634.750000 1075082.000000 -4476717.500000 -4884699.000000 -14300023.000000 -8918045.000000 -5477139.000000
207 -464027.375000 -1393481.000000 1133251.250000 -4455983.500000 -4327984.000000 -14153604.000000 -8351874.000000 -5211982.500000
208 -376393.750000 -1383681.625000 886874.625000 -4507245.500000 -4088230.250000 -13872984.000000 -8474494.000000 -5075703.000000
209 -362559.000000 -1338900.875000 975219.562500 -4524605.000000 -4364693.000000 -13589038.000000 -8655901.000000 -5278278.500000
210 -427708.250000 -1481417.875000 952876.812500 -4509763.500000 -4228157.500000 -13494178.000000 -8268120.500000 -5049258.500000
211 -433072.500000 -1453987.375000 969256.687500 -4545352.500000 -4104816.500000 -13541038.000000 -8487462.000000 -4943122.000000
212 -404479.062500 -1526028.250000 1025671.500000 -4554279.000000 -4376438.500000 -14040555.000000 -7971325.000000 -5533033.000000
213 -560568.312500 -1392026.625000 978690.625000 -4571560.000000 -4175159.000000 -14027849.000000 -8414312.000000 -5103837.500000
214 -436545.343750 -1432627.000000 1108737.125000 -4464712.500000 -4549444.500000 -13831044.000000 -8648671.000000 -5168008.500000
215 -369198.656250 -1553187.000000 1293575.125000 -4515723.000000 -4666602.500000 -14499587.000000 -9241300.000000 -5303359.000000
216 -410031.281250 -1367928.000000 1141943.500000 -4492195.500000 -4206174.500000 -14154711.000000 -8629925.000000 -5115080.000000
217 -401323.625000 -1352664.500000 1143503.875000 -4606193.500000 -4397135.500000 -14196443.000000 -8405951.000000 -5199976.000000
218 -358460.218750 -1398668.750000 952827.375000 -4429672.000000 -3923861.250000 -13808269.000000 -8235739.500000 -5046452.500000
219 -325891.781250 -1336630.250000 914035.437500 -4506848.000000 -4148113.250000 -14034568.000000 -8031254.500000 -4797680.500000
220 -432063.968750 -1483248.625000 882225.812500 -4502920.500000 -3999719.000000 -13721937.000000 -7695409.500000 -4955788.000000
221 -385005.312500 -1403090.000000 837140.437500 -4680091.000000 -3966130.250000 -13345976.000000 -7759199.500000 -4642300.000000
222 -409640.375000 -1407778.875000 890211.625000 -4497616.000000 -4241980.000000 -13178754.000000 -7624029.500000 -4725122.500000
223 -382591.656250 -1288639.875000 1019968.187500 -4504165.500000 -3902257.250000 -13476641.000000 -7821614.000000 -5074236.500000
224 -439857.750000 -1377108.375000 966946.875000 -4518023.000000 -4277067.000000 -13990476.000000 -7929171.000000 -5243527.000000
225 -319367.093750 -1284309.250000 1156884.000000 -4437742.500000 -4367909.500000 -13821658.000000 -8310459.000000 -5221476.500000
226 -429514.781250 -1369986.125000 1160314.750000 -4548848.500000 -4380998.000000 -14003358.000000 -8386765.000000 -5114884.500000
227 -344907.218750 -1367642.875000 1040178.000000 -4648806.000000 -4572279.000000 -13806923.000000 -8566675.000000 -5321849.000000
228 -266793.250000 -1407139.250000 1117185.000000 -4414898.500000 -4418118.000000 -13969108.000000 -8469407.000000 -5193714.000000
229 -424072.875000 -1347241.500000 922095.187500 -4553258.000000 -3794229.000000 -13763483.000000 -8035943.500000 -4916278.500000
230 -347834.750000 -1270495.125000 902342.937500 -4617919.000000 -3971386.250000 -13504822.000000 -7822525.000000 -4978136.500000
231 -253974.859375 -1404005.500000 994371.375000 -4490295.500000 -4007264.750000 -13672404.000000 -7523897.000000 -4933315.500000
232 -358651.718750 -1411119.125000 960929.875000 -4455773.000000 -4404927.000000 -13973890.000000 -7883454.000000 -4897035.000000
233 -443045.375000 -1251878.375000 1070364.625000 -4490631.500000 -4186376.750000 -13900211.000000 -8299589.500000 -4999942.500000
234 -449905.031250 -1398948.125000 978402.062500 -4515998.500000 -4391827.000000 -13976391.000000 -8353945.000000 -5158580.500000
235 -427507.281250 -1384324.125000 1051566.250000 -4676417.000000 -4356926.500000 -14249704.000000 -8437087.000000 -5354895.000000
236 -439670.625000 -1357211.375000 1105771.625000 -4508081.000000 -4360268.500000 -14128515.000000 -8457196.000000 -5280852.000000
237 -342311.750000 -1387685.875000 1259351.500000 -4518839.500000 -4649186.000000 -14130620.000000 -8604260.000000 -5475569.000000
238 -401895.656250 -1348923.625000 969886.812500 -4541465.500000 -4267653.500000 -14024534.000000 -8450782.000000 -5333602.500000
239 -346987.187500 -1449578.000000 1096331.375000 -4633268.000000 -4386971.000000 -13747243.000000 -7696305.000000 -5232107.000000
240 -323144.812500 -1336347.625000 855609.250000 -4500407.500000 -4439061.000000 -13949845.000000 -8256942.500000 -4988914.000000
241 -334717.781250 -1268243.375000 914045.500000 -4463161.500000 -4199616.000000 -14050252.000000 -7763288.000000 -5127439.000000
242 -393855.250000 -1269777.750000 852326.687500 -4547919.000000 -3740178.750000 -13471088.000000 -7827087.000000 -4816004.500000
243 -358510.281250 -1425421.000000 932668.000000 -4529230.000000 -3946496.000000 -13561726.000000 -7869161.500000 -4953735.000000
244 -391999.812500 -1429480.875000 1151584.750000 -4451149.000000 -4023495.500000 -13743153.000000 -8195691.000000 -4903733.000000
245 -385307.375000 -1412459.875000 1068007.625000 -4568749.500000 -4318742.000000 -13737332.000000 -8089228.000000 -5066146.500000
246 -346619.250000 -1338644.500000 1082154.250000 -4528442.500000 -4511628.500000 -14010835.000000 -8490000.000000 -5186901.000000
247 -269080.406250 -1392121.875000 948575.875000 -4629772.000000 -4193938.250000 -14064506.000000 -8390476.000000 -5261213.000000
248 -447089.250000 -1608141.375000 978144.062500 -4524446.500000 -4127094.750000 -14110649.000000 -8154261.000000 -4858268.500000
249 -466822.187500 -1482268.750000 964971.562500 -4492223.000000 -4154227.750000 -14177254.000000 -7901616.000000 -4925094.500000
250 -250913.031250 -1361059.500000 977849.687500 -4446247.000000 -3809174.250000 -13774882.000000 -7950650.500000 -5017329.500000
251 -335220.468750 -1372396.125000 1009559.562500 -4613466.500000 -4084550.000000 -13639770.000000 -7895504.000000 -4922482.000000
252 -361066.093750 -1271791.500000 965525.875000 -4660881.500000 -3753911.750000 -13629484.000000 -7637999.000000 -4873320.500000
253 -408363.250000 -1279955.500000 903159.750000 -4591731.000000 -3874820.750000 -13644775.000000 -7966919.000000 -4922472.500000
254 -488282.187500 -1421889.750000 993560.437500 -4564611.000000 -4096308.750000 -13610020.000000 -8067190.000000 -4975982.000000
255 -433662.312500 -1312339.625000 965885.937500 -4589270.500000 -4226798.500000 -13847681.000000 -8259555.000000 -5085925.500000
256 -284675.218750 -1449642.375000 1135357.875000 -4588453.000000 -4258051.500000 -14248625.000000 -8803530.000000 -5197077.000000
